000000000000000000000000000000000000000000000000000000000000
000000000000000000000000000000000000000000000000000000000000
000000000000000000000000000000000000000000000000000000000000
000000000000000000000000000000000000000000000000000000000000
000000000000000000000000000000000000000000000000000000000000
000000000000000000000000000000000000000000000000000000000000
000000000000000000000000000000000000000000000000000000000000
000000000000000000000000000000000000000000000000000000000000
000000000000000000000000000000000000000000000000000000000000
000000000000000000000000000000000000000000000000000000000000
000000000000111111111111111111111111111111111111100000000000
000000000000111111111111111111111111111111111111100000000000
000000000000000000000000000000000000000000000000000000000000
000000000000000000000000000000000000000000000000000000000000
000000000000000000000000000000000000000000000000000000000000
000000000000000000000000000000000000000000000000000000000000
000000000000000000000000000000000000000000000000000000000000
000000000000000000000000000000000000000000000000000000000000
000000000011000000000000000000000000000000000000110000000000
000000000011000000000000000000000000000000000000110000000000
000000000011000000000000000000000000000000000000110000000000
000000000011000000000000000000000000000000000000110000000000
000000000011000000000000000000000000000000000000110000000000
000000000011000000000000000000000000000000000000110000000000
000000000011000000000000000000000000000000000000110000000000
000000000011000000000000000000000000000000000000110000000000
000000000011000000000000000000000000000000000000110000000000
000000000011000000000000000000000000000000000000110000000000
000000000011000000000000000000000000000000000000110000000000
000000000011000000000000000000000000000000000000110000000000
000000000011000000000000000000000000000000000000110000000000
000000000011000000000000000000000000000000000000110000000000
000000000011000000000000000000000000000000000000110000000000
000000000011000000000000000000000000000000000000110000000000
000000000011000000000000000000000000000000000000110000000000
000000000011000000000000000000000000000000000000110000000000
000000000011000000000000000000000000000000000000110000000000
000000000011000000000000000000000000000000000000110000000000
000000000011000000000000000000000000000000000000110000000000
000000000011000000000000000000000000000000000000110000000000
000000000011000000000000000000000000000000000000110000000000
000000000011000000000000000000000000000000000000110000000000
000000000000000000000000000000000000000000000000000000000000
000000000000000000000000000000000000000000000000000000000000
000000000000000000000000000000000000000000000000000000000000
000000000000000000000000000000000000000000000000000000000000
000000000000000000000000000000000000000000000000000000000000
000000000000000000000000000000000000000000000000000000000000
000000000000111111111111111111111111111111111111100000000000
000000000000111111111111111111111111111111111111100000000000
000000000000000000000000000000000000000000000000000000000000
000000000000000000000000000000000000000000000000000000000000
000000000000000000000000000000000000000000000000000000000000
000000000000000000000000000000000000000000000000000000000000
000000000000000000000000000000000000000000000000000000000000
000000000000000000000000000000000000000000000000000000000000
000000000000000000000000000000000000000000000000000000000000
000000000000000000000000000000000000000000000000000000000000
000000000000000000000000000000000000000000000000000000000000
000000000000000000000000000000000000000000000000000000000000
n
000000000000000000000000000000000000000000000000000000000000
000000000000000000000000000000000000000000000000000000000000
000000000000000000000000000000000000000000000000000000000000
000000000000000000000000000000000000000000000000000000000000
000000000000000000000000000000000000000000000000000000000000
000000000000000000000000000000000000000000000000000000000000
000000000011000000000000000000000000000000000000110000000000
000000000011000000000000000000000000000000000000110000000000
000000000011000000000000000000000000000000000000110000000000
000000000011000000000000000000000000000000000000110000000000
000000000011000000000000000000000000000000000000110000000000
000000000011000000000000000000000000000000000000110000000000
000000000011000000000000000000000000000000000000110000000000
000000000011000000000000000000000000000000000000110000000000
000000000011000000000000000000000000000000000000110000000000
000000000011000000000000000000000000000000000000110000000000
000000000011000000000000000000000000000000000000110000000000
000000000011000000000000000000000000000000000000110000000000
000000000011000000000000000000000000000000000000110000000000
000000000011000000000000000000000000000000000000110000000000
000000000000000000000000000000000000000000000000000000000000
000000000000000000000000000000000000000000000000000000000000
000000000000000000000000000000000000000000000000000000000000
000000000000000000000000000000000000000000000000000000000000
000000000000000000000000000000000000000000000000000000000000
000000000000000000000000000000000000000000000000000000000000
000000000000000000000000000000000000000000000000000000000000
000000000000000000000000000000000000000000000000000000000000
000000000000000000000000000000000000000000000000000000000000
000000000000000000000000000000000000000000000000000000000000
000000000000000000000000000000000000000000000000000000000000
000000000000000000000000000000000000000000000000000000000000
000000000000000000000000000000000000000000000000000000000000
000000000000000000000000000000000000000000000000000000000000
000000000000000000000000000000000000000000000000000000000000
000000000000000000000000000000000000000000000000000000000000
000000000000000000000000000000000000000000000000000000000000
000000000000000000000000000000000000000000000000000000000000
000000000000000000000000000000000000000000000000000000000000
000000000000000000000000000000000000000000000000000000000000
000000000011000000000000000000000000000000000000110000000000
000000000011000000000000000000000000000000000000110000000000
000000000011000000000000000000000000000000000000110000000000
000000000011000000000000000000000000000000000000110000000000
000000000011000000000000000000000000000000000000110000000000
000000000011000000000000000000000000000000000000110000000000
000000000011000000000000000000000000000000000000110000000000
000000000011000000000000000000000000000000000000110000000000
000000000011000000000000000000000000000000000000110000000000
000000000011000000000000000000000000000000000000110000000000
000000000011000000000000000000000000000000000000110000000000
000000000011000000000000000000000000000000000000110000000000
000000000011000000000000000000000000000000000000110000000000
000000000011000000000000000000000000000000000000110000000000
000000000000000000000000000000000000000000000000000000000000
000000000000000000000000000000000000000000000000000000000000
000000000000000000000000000000000000000000000000000000000000
000000000000000000000000000000000000000000000000000000000000
000000000000000000000000000000000000000000000000000000000000
000000000000000000000000000000000000000000000000000000000000
n
